0.006594716402751597
0.21891297674796198
0.7173584921592997
0.09962816152954676
0.4632585974992044
0.4583571748924467
0.6875369872472977
0.8031603903759152
0.6124856177559883
0.43664584548310725
0.005092633828428563
0.34686149850474524
0.4028545793262799
0.33978108245702293
0.6990308640742485
0.8296076495847103
0.45337081355248815
0.06136132123345688
0.35577843542484194
0.5425973126525592
0.47820144739502485
0.89276033665976
0.08113635871764328
0.3334936756496429
0.8679959194831818
0.14285461748064673
0.9292709856751822
0.6111750352893266
0.7117411490677061
0.2548239087286759
0.7070393009874189
0.84362486224004
0.7230330194091928
0.6804228631860497
0.9456631323358718
0.6149199218688568
0.20690533529170724
0.6664178303982027
0.25772411641067383
0.9204062086339233
0.9836784865997021
0.43532052414320127
0.44686829234662717
0.09405832611065021
0.8116009002163526
0.09021170426250844
0.4333197501068071
0.8780490971478874
0.8242532994535718
0.8598493363765045
0.5543993795492178
0.7211060939526616
0.869379348927685
0.9131643597251302
0.8609791504443284
0.9378426979263196
0.2622080550743504
0.8634127213620103
0.8253082094610462
0.7727513654332206
0.4088280471957941
0.4679903160136556
0.3766619583178598
0.5882209062658377
0.9002821613874897
0.20853758194428096
0.4271223919382308
0.9687020877068827
0.06233516134749093
0.552774681881704
0.4700034277949537
0.3024429147374895
0.959142298232831
0.3379116517695414
0.7118520527140648
0.2682603042308309
0.024834243682529844
0.3946579631902038
0.9997742262705368
0.5801752032807381
0.35257853282966833
0.21899899063153752
0.12057612439381783
0.11072639422966353
0.9959197343751189
0.3889198704087105
0.9534951394997149
0.026067614525451574
0.8470596202926302
0.7190302706113328
0.7246571104192635
0.9497809515948369
0.17697538893874187
0.7291291530555887
0.7530060554267983
0.9163162771096813
0.19404987554308342
0.17738920125244692
0.4175689310644392
0.6443457124078039
0.5412050291351889
0.33093847314210756
0.40765322942140525
0.9458098501155742
0.2188560980348306
0.7519904877808257
0.9083024656378188
0.7822427554529973
0.02884047085524204
0.21948937576082803
0.06740897792724324
0.32882918653258564
0.9708651946286159
0.18516400759051413
0.9356812470151271
0.7956968610554641
0.6764012006957125
0.3138545806624609
0.24512058835700046
0.3675037450843168
0.3275168234687743
0.04749001026699374
0.059078842558966616
0.09243272381386415
0.29215577000055126
0.954322624967417
0.17364552678793305
0.3940831949896018
0.25586087017314757
0.5447168836168661
0.6712090788077684
0.7511476288815219
0.9500137585793244
0.03639326154452503
0.5035401678894452
0.024250825385562506
0.003803890993456847
0.30793498886297693
0.561265052766987
0.7048996580158776
0.28674722061406027
0.13464754370077756
0.16522647036536767
0.5879782990608414
0.03611961981214659
0.02383868957929813
0.3746457213106594
0.5518183394559448
0.0027341682196761136
0.4427679277469135
0.9009435550108792
0.12013111408117931
0.6456719769668954
0.5414291158113955
0.7640616208049866
0.6490387855306418
0.242139039343095
0.4992482170609297
0.4102410772277022
0.5290568514454219
0.6120739717469618
0.20090993867136364
0.04261900405480498
0.538840210686189
0.42682602877631726
0.910263159940677
0.5686608054250402
0.34890791749275657
0.455135190381013
0.8567660300152606
0.7410564546810944
0.09693418006816855
0.15531182808064645
0.7178952749173823
0.4365564690922232
0.46947706175189563
0.9022788378454204
0.4070868582493739
0.9893019946597772
0.357276841406578
0.5193261203319076
0.9410410645151793
0.7836658525331728
0.5989264984362571
0.9679838003583189
0.030054096242624055
0.9785623460289381
0.8908124728267418
0.48628969561644897
0.4049549550661478
0.23578795027259217
0.6243415938354449
0.7724920632182739
0.48507391581179
0.22913350040844
0.03493640513873719
0.12528838138156445
0.32359571232089446
0.10777002261620479
0.5953238315881415
0.21531850036292033
0.2459389545413222
0.5440988133885887
0.22722984389866396
0.3048629796944975
0.6733230351565862
0.34156719129774377
0.2613361604679409
0.1742249132440712
0.011386028137386667
0.690716118324715
0.8214031495052481
0.023301473627989636
0.08355335696941442
0.936836921992649
0.6896920214745743
0.5212841580444816
0.2718953834314934
0.10882333577282736
0.7394682158644453
0.2903635632214227
0.35702435807506355
0.946461329961267
0.6390343989475744
0.40588328241794364
0.5016802532651481
0.7690652037583519
0.12480031071214473
0.6569636965605549
0.32226623060860676
0.05094051796330878
0.8516139748854028
0.251472015057482
0.12375655926210402
0.6067382913479114
0.5555033066642217
0.7674571590976462
0.7401366278184729
0.10893038325295128
0.7040305960790023
0.5086291279263727
0.4797583854533009
0.9441896756081655
0.4738953358539135
0.2758245155430293
0.6306105167407478
0.1762131031616558
0.700768787212422
0.6081679445707698
0.5566263083383527
0.5626540037770607
0.7753598483717857
0.4499950554336675
0.5496917013065147
0.7064151984159881
0.9438463832556315
0.38275444946675674
0.04340208593261456
0.256467871725978
0.8897612253706887
0.8949925432371714
0.16886657765431942
0.05525339415862264
0.37799308938654413
0.6862350985541269
0.2596639410138885
0.5763470772257355
0.7378892367205595
0.5836893418280162
0.8845377503194919
0.5151766241605514
0.6088524716047972
0.723081731006007
0.9287572495987676
0.964600386958276
0.7513961055708972
0.07603401821165699
0.9447397765820231
0.27671934967282796
0.4419716791180609
0.5595765352742349
0.43286166978751883
0.6141608602475855
0.640867211882657
0.07591268966180438
0.6737039223410285
0.7947966937646206
0.42490921216540123
0.7211665443227477
0.6293330040362023
0.9478314004462208
0.8378834120425079
0.1676288138645093
0.6216504746449087
0.31870242197027243
0.32073833701896
0.6717782405470875
0.8498388633732408
0.8737526015303576
0.6433561389078949
0.5573113540942841
0.022843726743808666
0.14654910633882884
0.7054803397958197
0.624434027990399
0.30936237355570956
0.3948516798641388
0.43046814370808395
0.4864972687622434
0.992897223985141
0.43515350746883885
0.6774170538792913
0.8351600599270003
0.6530319384340271
0.6837207736544146
0.6416075230421914
0.5439031922376651
0.7194717106762237
0.5369956026457802
0.8329464360697489
0.07839961542535873
0.06870650462355196
0.8746431844071959
0.22991034749935596
0.06366972680018458
0.14326159530061833
0.20331003280145601
0.152668282957045
0.5468379634786849
0.8328787544050503
0.6925966366904155
0.2076219241873531
0.0012908092729936884
0.8482624940380025
0.15122153921860326
0.02315038128133957
0.23031771169802606
0.8204415686597177
0.27778593699911924
0.4277621756181008
0.7645195899761668
0.24053037669911817
0.3954430651847653
0.9671049898252947
0.47965693272559523
0.7682061895748356
0.5681979633610399
0.9832921501860274
0.4828552614899296
0.3343516305967588
0.8222380093708579
0.13635693397407045
0.8380313389517883
0.04943293999651918
0.6747602801393483
0.362386336337077
0.297187215213381
0.5293209851400429
0.7645653005647337
0.18054463418961011
0.5592848061086887
0.9203942081269243
0.055327632559935065
0.6431737802057523
0.849760841728404
0.13718240363522088
0.026152773342654496
0.8373006844162277
0.1011963209620355
0.6747856733845342
0.45313332785245186
0.9803105126433637
0.13584101891718423
0.2629473962571597
0.2641730859044155
0.8334241861405273
0.5026007563703576
0.6122784518783162
0.6738846833511876
0.07483269265042365
0.8987554781922004
0.2922873006967046
0.9350434649545553
0.9000949300773761
0.2194794562183782
0.3262212211105363
0.607828107436583
0.5657967100009625
0.10323287198931444
0.9538861709507486
0.885703942767181
0.9319985753538098
0.4475248618582145
0.717979362501208
0.060935854616373505
0.15632942456625606
0.08762259659846153
0.5414818060819493
0.3512167340444734
0.5790491242420253
0.16783236971602264
0.01079157587397938
0.5555645654055114
0.2725615242146779
0.4791906955990866
0.08837780350624809
0.6884339588187907
0.015189424766127292
0.6386496040617928
0.302954056557262
0.7488470391737463
0.6857315969244919
0.7477234910771333
0.5754251674214047
0.5200958551319882
0.8262139762784455
0.9935945091560978
0.551647219572518
0.28780863572311516
0.8967382129357147
0.3802050946150303
0.6747912114607733
0.48405896006444865
0.5655359940942251
0.670279167133407
0.8355340770013923
0.6641557141649224
0.2789751462288901
0.34149253206560765
0.06742873038049804
0.39780681812645896
0.47087934667130277
0.5896469137117659
0.6363953704260171
0.07089730768579817
0.8999897802364251
0.15143616401376914
0.8964678242814845
0.30717448072474657
0.9451564965972766
0.9796161153482795
0.159945725222456
0.862225531203306
0.19886362409694677
0.0687944506346037
0.5543024389581164
0.9769640434463907
0.17195903751448624
0.3559825368294155
0.8033783212957124
0.04890092186906983
0.9627726242668803
0.41924213372464453
0.8615022574062993
0.13654702721100548
0.18346123041015805
0.45413542083947184
0.8395809007319103
0.1339612211205173
0.9199284734205356
0.9628074800471453
0.024514667339463204
0.3474881545979778
0.5276845691982386
0.3026496064378541
0.6971174336396698
0.2360365268916198
0.018948422796782757
0.8594707232034069
0.2943691646386378
0.6123924369776641
0.37368545952228466
0.6280481545570131
0.11493184716540294
0.64893092779486
0.597294600783702
0.5079013478494311
0.7858299222165885
0.5168258906348585
0.9117388089264714
0.6512067112315566
0.32960545118993256
0.6639154745916656
0.42036100435496354
0.18788564242953687
0.503203347170347
0.09337130645694298
0.7933415338037155
0.02072450300594306
0.291469534844026
0.9498798567032224
0.4678051258605388
0.15775760650846749
0.7899110514351014
0.2617402001860609
0.2732821764945363
0.12724764696978036
0.7012458963185171
0.5363316003886975
0.6559789327394007
0.35653312881384625
0.2786221249345604
0.5739155862282856
0.7868871179443855
0.1267474729239781
0.3788718876603513
0.19040811177238198
0.00016504380837436107
0.6714797067394688
0.7920447516535716
0.28661751689447446
0.5029129698908421
0.5539427500456374
0.025057273052389598
0.6172617791169827
0.2374379198758838
0.7518034261356241
0.9934243150078098
0.31243669437332344
0.7992208150329139
0.7523692152376863
0.7941803050932964
0.8382436657980774
0.8540162175171103
0.8352812415783333
0.3172206156817812
0.15358796940830452
0.22089338954805687
0.07679006397513483
0.9582867376238859
0.5763104649195286
0.8805496370042291
0.48529585866365277
0.522301513835144
0.4091219800361072
0.7401013921631345
0.5685064128449753
0.36144714674274775
0.8537859723243393
0.03941218419157648
0.6734353006153465
0.2001291663235403
0.4062660674057363
0.17408180955894223
0.07734807456032891
0.9681168322217247
0.9853218903434079
0.1299616266134947
0.1619489159803465
0.14614979538444842
0.9797662141073132
0.14450728550591918
0.9387074415677481
0.05322289083216145
0.79331327340773
0.7420089510664157
0.2173632613144076
0.1827448901672415
0.1815054057000766
0.8331447042028591
0.9758611783493502
0.5139987701146119
0.387560917813186
0.6338996409228222
0.11110741437978389
0.862222688585395
0.034028609111507555
0.022415074288471077
0.38697609211572187
0.49215521226481607
0.7098260611600481
0.3585152767914696
0.8252188811472395
0.08721612811724533
0.7248454696672288
0.09637113788037124
0.09540625498655468
0.5360955667883429
0.11857266810233294
0.18902224059446107
0.7853035504548221
0.8432167599211173
0.021129171309979534
0.2820954876684601
0.14957180358560426
0.40044506944710956
0.6869303582339318
0.10408833595267743
0.13517677069538542
0.8248563151740848
0.2005404659966899
0.3879898918967361
0.532158054884252
0.3665189974052113
0.1243067462061089
0.8855089667948208
0.02885548421380107
0.8445235905197731
0.15048931176007305
0.3358968406243635
0.2989834022776719
0.08230431369793674
0.48863995741167066
0.4444113025335652
0.48483877077930365
0.15769442331680975
0.5495336623474
0.675784700683732
0.11533715549421715
0.9545287472078081
0.24998410907952368
0.4990355726907571
0.11176503303205126
0.07985583498874818
0.21117929114125608
0.3822509126847157
0.6562306150675464
0.5278729561267936
0.834436354459074
0.10297180382976769
0.19824342853162089
0.5253663422399211
0.2762285113674998
0.29469262057066964
0.14639351270972772
0.09190495016897625
0.23485121646455076
0.43674423639218374
0.20078356018829935
0.8704654840969106
0.12020502125543185
0.4852364108205859
0.5664573518988846
0.5151949974156957
0.9994924897359497
0.32603434647776686
0.686533159144937
0.5613494348761533
0.36815126598978765
0.2688871595224699
0.6267685997023693
0.2890957950838673
0.8587260903355104
0.8793970919733107
0.7681297566741372
0.2822161708892571
0.13315877448393776
0.9178186199059786
0.09867359776025059
0.7879543475394788
0.4632361904537926
0.6705969685888652
0.24983329307947805
0.5222330581814948
0.19756887213453725
0.18734514492833598
0.6450135828902931
0.5697418485176353
0.48010470341009254
0.2044382699302526
0.7868304156712054
0.16545660287908356
0.048277126973341175
0.03950480013581873
0.022532238942604192
0.26597100673182367
0.8837254578908644
0.8535274991496554
0.06293907139245936
0.6699993413633547
0.7159061231986967
0.27949476638098986
0.5325567451510399
0.35177022747238257
0.24757646430993518
0.14302254169966822
0.619202757530708
0.2932103910550441
0.24512279620208874
0.6645608964269891
0.08399606535854906
0.3821926235813356
0.7480042178585516
0.8510312496422916
0.07635236820973534
0.9504339426786609
0.7285863345469181
0.690877301820844
0.1967024358493341
0.27407169561430994
0.4168420314225304
0.5016461193702797
0.44544864548994567
0.11516856915110929
0.4847955687798144
0.8559678614485645
0.7918628807427933
0.6836958282230114
0.28238796468346106
0.3502419921311911
0.5957801674289611
0.9981683713063291
0.8765978111492714
0.4784165080257106
0.8812552433526223
0.08562794895646401
0.2547854832006586
0.6474610564862787
0.28137223609909423
0.22435850284989164
0.12150716087391218
0.0063588913016720035
0.14837137849547052
0.407549489485713
0.5699978814609664
0.1523607872653756
0.2759661344479316
0.9657866005563315
0.5248663556163237
0.23581363918426076
0.01655648793307994
0.308805223938579
0.5838353941716342
0.5570993296764518
0.23204807737526095
0.7479373979300458
0.11194427333063248
0.5395078752814826
0.940345768465999
0.9560278805077903
0.4283960120239736
0.1445607485115507
0.9615860780294307
0.8613254407039855
0.9579552342319809
0.46540224719076356
0.07727630484431229
0.6785500997723111
0.5700193909400654
0.025672447034158732
0.4650607785920153
0.6118851212033339
0.5569097762348068
0.5762072833860822
0.2711635850070123
0.005048715796838721
0.9653132861966346
0.11343447625325132
0.8716971500954935
0.2289992781246732
0.003710470409891235
0.32996062445344765
0.2749949268993509
0.5632643504302525
0.35315405059423444
0.4022818265852122
0.36263832821170666
0.9964368013454411
0.1531409471368529
0.36252652340182107
0.9607197428088226
0.6898903128451612
0.2619899553878296
0.2548712347249634
0.4397559508503044
0.9114892070359922
0.40015041321533035
0.5397281360452786
0.7662309327912623
0.7973805606861852
0.3903791000608742
0.6295134974831355
0.9180241909754604
0.12715707328508835
0.9844460772547627
0.0802801641405591
0.4903092441323723
0.4923830519863998
0.7144950342324787
0.09398529355685838
0.24821276156324715
0.38997711221501286
0.16063039695053655
0.16532136032415357
0.0556626492733954
0.5259005564615262
0.7642410068772701
0.5753392314397867
0.7310362848639649
0.5286609764698134
0.4903156070587976
0.4002983361014112
0.014390907619955215
0.7586363519320922
0.17800941232800802
0.46142548410694634
0.06201705704742066
0.41125265064073174
0.5836705701616827
0.7502886293110758
0.35649135920266095
0.23868467163221999
0.018175332881466295
0.580802973209245
0.8412073677141658
0.3755435362074294
0.48477782716280404
0.5212144019394528
0.4076132473802531
0.2315788154917265
0.342403546251115
0.6857033438178514
0.4079722491183196
0.9392992003888819
0.6894610432043669
0.5467446899615682
0.3181939525884873
0.5832256010904182
0.12906388073698336
0.22498396999557665
0.23127209661333664
0.6091936924538784
0.6216885879173452
0.15670445055385468
0.8040599339508394
0.21245187516502254
0.32807507433612365
0.7497016221667718
0.22484383887285986
0.0842574847185632
0.8327301994838214
0.03956791223876605
0.4996128763998441
0.5836579669039046
0.6623384278740723
0.296994925976604
0.5700954839292747
0.7597330621548783
0.5339303051616936
0.42689253450633613
0.5000533691677043
0.5228563343867046
0.6973234454190206
0.6659971355740857
0.6474313760008068
0.6775195485153932
0.7038988758625182
0.9221200045316373
0.8688716035468064
0.4381609888304659
0.31509607954418933
0.604698476057898
0.6113450602231232
0.42064604920941673
0.0758874836512091
0.7571510605757859
0.5871344239470122
0.9266831805299406
0.6452569253870993
0.5199967174248884
0.28969135233500204
0.8384906388012686
0.10601397433936098
0.42336754792030606
0.5227284710715094
0.6793506002582403
0.3648546319474602
0.9476475042763433
0.09834892419263104
0.8711266052555608
0.20631048592655024
0.43553125116618385
0.5353068232197132
0.5583960045871936
0.1793577369440493
0.9559672135198382
0.3456299613534805
0.7457108033764662
0.90787790827765
0.9006036235403536
0.3969482169412714
0.1440244735449925
0.623469695733514
0.6726304652642106
0.0789286651904991
0.9066079156757413
0.1628507774532378
0.9429005408583911
0.677463923648231
0.553307598898939
0.22945406958844114
0.9576903486681718
0.31673397498861544
0.5773128753606084
0.2191725451118756
0.004132131694573758
0.36920351739085255
0.400744879733258
0.5662319388692184
0.1828236996843827
0.14197775338928986
0.7839488434219275
0.7824848865520445
0.46490503424550095
0.7922090654812041
0.9489344540047852
0.561755846720869
0.49593562867027774
0.4638437443981502
0.4647255554291934
0.9423600787595883
0.8085735160769846
0.49812464410840235
0.06367090149283643
0.7281342090455236
0.6978606829592572
0.9767026783498544
0.74746446207321
0.8947110217693196
0.5342247230649076
0.8209831001670936
0.5172306829343936
0.1144208385574054
0.448802418729956
0.1953460968712082
0.7270697830030811
0.2307771981335195
0.6382532469926591
0.1289992403930923
0.09189206004167896
0.33227561665912064
0.7733261081664548
0.8543484115583634
0.9725485312359419
0.38293822637371777
0.6239330774058225
0.3264806372852059
0.9040437245026055
0.7151340843012406
0.589062557212873
0.9422847732289742
0.4508415688528718
0.19215039651399246
0.07978162996638927
0.94323428883786
0.7073882995052457
0.4166846207646816
0.826564315884854
0.7032759900827777
0.8704443681302694
0.3786827164006407
0.5480449270733113
0.10797042630943494
0.44594231693833636
0.26054398197806716
0.6660430789196514
0.4992627673878858
0.6102598791164844
0.3929894815880601
0.41493653520831797
0.6875595712266275
0.8947532347494216
0.24226861343324557
0.7891367073324127
0.6109809396819779
0.004898957212730633
0.684396235922999
0.5465449261660819
0.17883850002341117
0.06442248992765326
0.0588809085691634
0.876208606712664
0.9550668427386588
0.790885582110525
0.08611128755032865
0.7011215615817082
0.4929095922900057
0.5101002747113754
0.17814784329779362
0.6547924712779537
0.3574776300578089
0.11513431140356309
0.8197866908754189
0.636006908811171
0.44608876637175704
0.3579963640217152
0.38198132134859214
0.1837775873680042
0.49963896453461687
0.0801980759102628
0.9787867416377575
0.1318336012385748
0.3228093418404466
0.49345644446993514
0.34321212404021884
0.9846152799789232
0.29978440452228716
0.5696983658525818
0.6854606063121673
0.04757761968912726
